8000
105
318
130
359
314
181
422
220
497
297
125
264
469
239
33
232
498
245
319
119
108
273
446
0
48
187
59
323
92
35
255
310
430
444
434
14
43
427
291
425
404
361
309
58
394
306
202
478
338
252
85
107
274
302
199
39
141
491
50
173
444
459
407
145
189
297
16
470
217
193
198
234
438
479
60
398
61
228
5
223
187
58
94
388
225
374
82
99
275
441
415
13
18
29
451
45
381
140
21
62
479
252
467
342
281
154
373
23
370
231
451
50
226
80
226
157
34
43
215
111
240
321
231
326
163
201
367
53
115
43
297
142
360
22
330
466
10
253
408
318
218
444
124
323
446
124
152
147
429
336
410
251
278
66
309
370
111
107
347
102
456
55
287
423
471
175
482
172
500
197
81
478
470
415
298
346
243
271
222
76
303
321
345
425
373
275
234
198
269
227
131
215
133
482
102
71
440
489
173
181
186
380
55
271
73
231
217
189
140
263
361
120
386
495
366
385
166
285
201
161
127
286
493
306
414
463
13
312
187
327
164
390
475
53
42
1
83
328
55
64
179
375
18
24
207
393
473
72
85
293
349
273
150
421
481
364
467
436
37
289
270
63
210
215
72
479
84
384
145
36
347
341
122
53
441
380
77
301
223
25
155
80
174
78
360
23
415
490
277
375
201
40
326
100
380
12
82
142
299
18
315
160
230
46
381
79
15
20
286
428
494
214
493
455
347
288
240
212
232
50
452
206
225
67
483
222
405
166
5
132
321
310
263
92
131
404
488
427
298
294
311
326
407
478
391
494
140
141
440
312
85
26
186
359
40
473
203
24
72
225
426
140
130
258
150
231
393
144
412
36
263
123
299
215
35
497
373
124
42
232
347
34
460
180
131
122
129
59
5
324
192
361
438
110
239
66
55
168
138
23
8
65
342
322
197
327
166
385
304
245
430
191
167
112
493
399
496
344
155
200
26
113
3
127
445
466
240
204
435
448
126
496
411
180
168
401
85
284
366
142
392
175
70
122
320
314
169
397
5
475
314
122
488
396
323
316
57
120
129
483
156
427
173
134
138
318
11
254
175
433
56
246
396
431
345
66
414
239
493
320
1
371
153
220
301
316
448
461
359
286
406
414
429
433
495
493
254
335
399
181
302
196
360
390
461
19
412
95
371
53
135
413
229
140
458
376
77
135
18
101
229
18
257
285
357
123
349
341
332
48
370
131
240
430
118
88
254
428
334
44
297
27
131
9
430
318
95
303
347
25
84
432
374
58
158
87
52
179
498
470
170
473
236
478
185
285
187
337
204
17
226
58
96
162
248
192
275
209
122
172
63
249
269
418
391
225
166
126
46
286
203
378
365
246
342
66
9
243
69
173
361
64
424
219
415
473
117
85
63
390
71
352
305
107
417
28
345
425
134
440
39
124
380
161
29
461
355
233
311
150
283
337
314
386
423
48
84
452
75
209
34
461
227
457
481
260
331
500
78
279
302
112
372
493
332
352
148
216
365
198
202
454
469
482
199
42
150
198
434
324
64
268
82
131
176
63
37
96
19
145
274
428
472
309
432
136
82
255
460
194
43
53
245
473
360
34
92
345
492
175
185
128
336
473
9
265
192
105
95
274
177
336
321
460
358
367
377
15
296
234
107
89
296
150
378
339
250
396
416
142
219
457
31
5
299
23
131
471
154
424
285
279
229
291
92
43
33
273
190
457
112
216
318
327
470
427
180
204
447
97
239
490
4
93
346
306
453
398
2
66
81
267
342
314
283
210
40
168
53
146
412
394
108
55
67
206
185
178
266
203
244
48
113
252
410
18
143
121
434
462
474
128
452
54
494
421
325
229
425
414
227
115
492
178
412
47
483
304
190
30
391
364
473
428
428
101
123
195
264
426
350
380
169
378
131
497
420
320
451
300
251
438
390
358
198
67
477
294
289
230
30
433
296
139
40
53
187
411
374
400
265
17
124
0
16
110
17
139
222
194
234
159
391
490
226
487
80
63
34
114
459
92
491
268
268
237
462
431
2
446
267
251
478
326
435
429
120
432
248
171
387
5
50
451
289
283
445
462
250
65
156
496
469
6
3
485
186
386
439
187
407
428
376
304
426
169
200
304
151
449
165
360
342
354
347
78
168
460
197
328
261
470
34
54
408
213
297
292
137
261
125
201
286
220
325
241
102
129
199
212
384
379
38
148
320
76
440
92
151
13
178
421
320
28
307
118
236
240
47
36
260
39
276
299
12
325
171
82
364
229
197
497
152
110
327
5
327
174
420
9
57
333
301
179
28
42
343
54
99
364
362
376
21
360
356
17
109
430
326
470
181
392
333
58
312
131
293
187
401
97
333
397
379
122
391
125
70
276
430
364
118
497
37
73
375
129
271
298
428
124
253
5
474
79
481
77
216
167
235
1
286
354
413
283
454
90
141
109
15
432
483
199
231
320
483
75
340
372
375
133
499
222
128
176
153
396
486
128
85
307
451
372
236
414
290
358
307
495
30
315
60
196
129
28
299
315
94
52
475
93
296
192
207
257
231
499
410
181
424
375
382
409
37
8
199
217
20
261
267
3
277
420
438
148
282
466
200
6
389
36
402
202
402
371
454
69
226
465
339
456
121
421
444
48
490
485
346
398
119
82
375
345
301
493
205
381
270
334
274
356
372
369
482
320
4
76
140
14
229
409
213
211
252
340
291
383
70
136
6
394
298
244
117
229
111
362
277
368
85
158
135
460
86
414
290
353
25
77
152
470
11
130
316
128
356
378
286
183
321
277
288
374
282
174
360
300
358
116
389
369
385
333
130
393
230
335
85
314
430
29
185
344
178
482
141
303
314
375
62
486
231
60
165
432
434
297
136
114
329
272
327
236
163
310
483
341
487
364
162
436
420
265
19
227
124
283
429
19
93
17
90
88
145
389
12
262
7
97
274
131
189
176
412
129
396
248
481
28
497
135
342
62
290
10
92
147
289
423
321
29
192
252
89
284
136
113
319
79
170
355
300
290
391
356
0
465
446
137
433
156
13
353
13
406
29
83
399
23
236
27
131
329
105
459
120
444
366
288
274
459
323
466
4
214
456
146
110
92
61
319
333
486
3
400
52
478
15
137
405
165
239
336
141
16
404
136
253
302
309
70
139
274
43
341
454
8
350
135
457
273
361
461
363
365
310
326
142
256
188
365
437
60
486
402
125
288
461
135
427
187
373
386
424
259
309
363
114
106
390
0
397
302
307
180
230
262
31
435
23
77
67
336
408
407
341
170
115
185
79
25
26
419
488
169
486
359
362
22
377
97
486
381
418
336
261
455
223
416
91
430
336
370
452
19
198
100
470
352
416
444
204
390
215
192
78
25
289
411
160
165
225
356
462
114
425
13
247
384
27
342
427
59
406
422
107
13
23
61
437
210
211
236
12
267
54
415
136
13
252
283
83
203
137
479
166
390
113
141
5
467
338
495
62
340
451
46
60
315
56
150
320
256
137
67
151
416
41
318
367
126
230
100
292
186
448
248
481
353
273
464
461
195
493
83
244
158
400
133
429
17
476
489
15
462
500
32
438
384
271
437
36
162
5
188
134
359
251
31
236
68
391
184
46
75
272
99
418
291
146
255
26
120
233
415
63
448
417
162
186
121
227
486
176
435
347
168
256
304
79
462
341
190
422
203
431
456
229
17
389
434
69
331
200
132
469
119
117
369
111
228
456
5
116
445
453
311
259
170
75
321
135
218
322
192
373
223
427
35
363
136
153
362
13
78
59
312
278
141
350
219
361
158
34
11
277
365
68
150
276
92
138
39
308
92
287
320
3
2
155
209
310
418
480
227
447
129
210
298
64
347
348
470
95
430
496
222
334
31
450
308
372
219
307
330
212
414
157
328
440
252
478
244
384
412
258
59
500
48
29
216
417
271
79
168
179
22
283
240
483
76
54
359
103
160
59
293
51
447
136
208
195
297
23
352
465
287
369
272
141
393
422
157
269
218
2
406
25
381
187
440
100
390
236
91
329
300
169
99
462
126
29
317
259
398
168
128
367
82
387
342
384
72
134
48
376
330
282
471
375
500
222
48
194
364
277
197
467
444
422
77
485
469
444
130
465
156
18
308
57
209
309
57
128
299
494
110
219
416
73
6
491
465
33
379
327
246
289
118
146
186
430
45
29
166
288
486
404
223
301
37
230
107
95
128
437
118
198
269
197
494
89
334
395
351
296
395
250
100
377
322
119
288
54
455
215
241
221
78
134
380
473
78
289
177
137
402
367
297
83
316
196
212
258
130
76
304
181
57
365
243
327
360
479
269
416
421
10
360
456
184
332
85
289
25
232
411
232
223
454
461
64
24
269
35
179
73
402
234
372
362
207
72
272
273
467
93
442
483
364
56
496
221
220
378
309
214
338
215
316
500
381
445
489
457
226
425
377
130
298
217
46
461
477
150
119
203
377
416
68
180
445
380
188
171
13
476
190
370
86
170
280
164
411
385
246
303
258
295
297
493
423
400
95
303
4
485
61
296
355
479
67
161
25
390
373
145
412
265
142
453
345
41
120
406
186
471
7
432
115
340
320
409
196
114
397
222
388
406
402
495
242
307
344
118
469
132
53
119
65
73
410
131
397
79
283
204
480
324
192
343
32
21
276
343
419
365
287
481
245
430
335
83
320
118
4
75
21
62
468
460
279
442
473
43
122
272
67
148
341
20
454
341
5
178
267
14
444
76
111
112
347
234
69
29
17
47
373
224
305
464
191
404
289
332
375
290
16
340
6
337
213
192
284
375
402
253
67
436
117
371
81
111
239
247
272
75
97
79
477
261
233
234
5
159
259
188
87
204
423
14
72
201
498
32
366
443
385
1
235
140
271
123
159
346
241
121
85
395
213
32
199
396
194
480
299
267
259
177
26
422
495
206
60
222
396
403
356
8
413
419
258
201
47
461
427
137
434
1
209
340
411
232
179
50
38
272
397
83
443
39
157
402
308
28
148
489
349
354
56
258
200
156
60
232
163
350
221
372
179
223
229
258
69
80
330
485
209
317
236
288
117
288
374
339
292
193
4
127
80
266
199
466
222
305
386
198
151
474
476
62
401
207
428
171
164
410
381
104
361
27
325
273
292
236
387
206
417
323
163
261
228
428
28
7
220
119
107
267
321
499
328
350
206
316
252
267
345
365
449
255
449
334
169
257
435
134
496
479
95
250
9
122
423
174
128
21
400
147
29
323
338
494
354
29
17
228
126
225
423
36
355
61
295
474
16
414
10
111
149
420
127
402
101
494
80
267
169
55
83
301
348
427
142
350
394
172
18
150
195
3
119
394
91
263
359
123
341
249
439
319
248
181
75
181
16
221
353
329
192
163
16
307
358
371
61
90
204
66
389
264
420
115
221
176
430
474
321
296
366
228
395
143
71
5
196
285
204
304
67
5
320
115
337
483
88
495
406
153
35
66
408
109
376
39
326
25
330
351
283
429
54
413
240
65
29
369
6
367
59
252
418
426
491
47
500
288
403
372
47
20
306
26
228
283
151
100
218
50
453
230
325
305
440
74
141
260
340
118
54
491
352
377
195
196
9
430
19
113
131
68
472
499
135
126
420
55
186
356
207
278
291
267
461
296
396
7
148
223
77
13
386
133
422
279
53
156
478
72
217
167
90
114
25
154
294
235
377
27
441
73
84
207
18
68
262
192
245
269
404
497
335
182
85
34
307
82
163
141
483
264
209
236
124
258
374
30
497
264
468
205
227
115
374
258
192
405
208
193
156
260
110
245
346
123
443
34
112
360
53
162
0
426
9
163
326
13
394
246
170
458
217
13
267
288
230
95
5
7
255
407
172
258
51
384
407
235
411
380
28
113
385
101
50
181
301
8
277
463
233
43
136
472
23
297
459
24
365
185
153
431
194
110
126
275
148
490
162
184
334
269
297
174
276
260
204
489
195
331
433
468
15
70
209
465
498
438
480
398
14
467
208
496
404
490
91
437
467
399
37
110
235
150
456
371
122
404
494
412
257
233
447
27
308
400
219
157
161
363
262
184
449
388
376
326
52
495
301
456
239
13
254
453
139
470
137
176
127
287
59
488
164
95
251
191
374
462
103
164
465
414
106
491
399
460
191
78
257
45
300
435
95
451
449
228
0
234
21
466
13
491
277
187
127
281
288
406
128
384
482
486
106
421
32
117
467
471
327
133
219
192
449
75
123
144
59
342
346
376
397
315
211
84
420
397
334
483
268
181
88
428
116
368
125
440
19
90
92
325
27
347
461
193
59
186
240
466
353
300
395
478
118
19
340
94
292
395
24
357
257
235
252
369
64
304
21
147
487
416
80
231
84
284
385
317
463
41
288
120
65
100
448
104
341
395
170
393
13
227
244
69
149
332
140
89
413
189
50
245
181
211
373
349
180
376
256
172
213
214
323
247
252
468
484
236
99
43
96
64
97
126
314
48
335
274
199
12
493
438
284
287
238
155
219
211
101
469
412
413
295
427
220
384
300
140
255
120
291
353
93
261
445
25
16
221
482
260
300
385
27
178
6
198
304
47
130
336
436
285
500
322
329
372
249
312
140
194
90
130
107
370
466
18
46
127
425
48
467
160
195
291
7
58
387
382
335
165
58
333
375
404
111
157
207
331
285
349
115
111
348
222
15
348
387
101
248
139
475
51
486
154
237
255
483
464
485
21
233
85
352
273
246
361
23
126
230
236
94
130
439
354
96
225
459
22
498
362
300
167
119
155
401
293
314
34
56
446
431
222
199
388
388
394
283
65
95
285
203
276
81
161
277
397
483
36
200
354
42
350
405
321
133
141
432
315
375
387
112
108
277
311
303
223
389
47
353
378
165
240
308
255
499
335
378
250
319
64
138
196
47
418
470
328
439
18
298
228
300
314
496
322
67
487
217
418
96
431
94
164
440
135
72
333
3
175
299
169
93
79
277
21
92
85
455
363
38
281
462
468
134
356
31
310
331
327
476
159
130
369
214
16
53
331
485
490
89
224
457
461
426
288
265
488
293
290
173
51
133
223
138
324
108
478
231
500
160
327
274
484
229
15
151
67
459
96
282
380
321
489
282
36
16
367
358
251
310
165
368
74
362
238
219
228
168
175
454
42
495
209
357
22
403
203
35
250
117
95
108
500
146
57
398
231
258
14
92
383
283
172
92
148
304
255
121
27
28
139
387
445
329
231
234
377
180
66
312
167
336
305
47
316
435
330
277
149
23
9
153
437
482
90
316
300
92
480
250
149
21
43
209
480
252
280
43
126
223
325
449
408
0
116
37
380
84
39
497
218
427
248
274
456
358
180
39
202
299
499
205
422
79
65
313
303
236
149
495
185
392
182
234
21
77
150
69
302
328
238
288
495
404
425
389
172
3
275
125
32
461
288
464
59
53
316
214
70
96
459
270
335
34
422
148
489
455
398
439
5
253
238
14
205
75
228
257
467
158
240
382
273
383
122
244
282
390
445
15
74
413
16
111
214
497
45
170
445
182
275
249
419
17
37
483
353
216
442
226
464
269
300
296
193
218
217
1
78
127
405
95
322
178
209
461
34
216
36
212
230
254
116
136
61
299
152
77
272
290
98
312
178
15
171
382
469
269
270
311
344
106
491
215
461
418
431
298
49
255
104
301
428
105
355
498
293
409
70
70
51
472
221
335
408
393
43
347
309
372
19
103
163
354
497
337
330
396
258
326
441
330
239
402
415
427
292
326
472
415
91
119
145
297
80
40
315
113
356
286
33
382
41
182
90
345
311
95
315
346
155
482
19
157
14
74
396
11
215
109
473
179
248
25
173
372
137
404
210
133
401
301
260
485
90
397
13
188
391
19
275
451
141
309
488
450
15
114
239
242
180
442
97
91
455
462
113
89
479
489
138
254
310
448
344
456
42
493
124
406
370
273
47
26
4
382
151
266
170
423
336
394
131
212
408
111
186
346
236
109
437
216
111
189
300
462
242
89
3
415
346
333
431
4
85
62
476
262
246
259
215
3
235
257
267
424
126
26
291
121
40
405
408
398
247
500
221
252
115
251
484
58
389
330
15
242
24
233
462
381
231
443
404
160
370
38
3
241
338
237
161
285
204
47
81
391
231
314
340
372
472
474
121
4
178
464
485
136
425
403
290
124
299
64
248
331
396
109
301
51
215
151
380
35
15
166
216
79
164
204
79
435
66
67
30
396
64
243
309
281
456
440
143
115
255
430
38
50
428
391
107
100
262
311
437
74
289
10
448
426
55
288
496
120
355
315
163
187
162
142
74
344
389
11
355
28
7
147
387
214
488
233
484
316
440
303
343
171
55
470
445
25
152
211
362
64
414
122
193
129
153
79
138
426
32
446
143
274
130
175
347
6
151
29
231
260
338
16
325
377
418
409
169
141
424
375
249
395
417
240
19
48
15
192
30
228
30
91
409
331
208
157
13
320
213
186
161
43
420
498
20
149
318
180
182
296
126
12
188
368
150
493
110
429
277
260
254
39
216
369
266
443
298
368
19
315
293
117
133
44
64
380
462
198
210
329
445
182
214
392
364
493
290
406
148
148
205
423
195
452
71
283
33
99
432
270
68
84
253
208
98
118
104
339
162
492
7
321
49
324
129
435
114
179
380
486
147
42
454
181
435
150
229
105
291
311
315
22
112
413
361
223
249
169
327
307
299
40
10
118
148
271
128
365
140
171
322
356
245
279
157
34
263
428
188
150
404
94
379
433
99
207
32
63
448
194
186
423
259
361
28
310
463
397
26
193
247
127
34
179
95
431
100
301
87
200
230
431
412
422
110
137
388
187
317
271
63
271
399
117
279
205
404
32
212
28
77
290
291
271
22
205
471
183
140
217
490
167
91
21
157
500
233
150
189
134
44
289
376
457
221
271
424
408
178
425
310
13
370
249
401
178
486
285
306
207
162
499
88
114
314
449
488
324
246
270
186
496
186
220
94
186
447
104
51
108
207
224
358
4
415
428
480
44
3
278
79
317
482
162
58
434
409
66
39
54
465
275
371
227
297
94
23
329
244
237
476
30
499
470
275
90
469
132
219
293
357
273
21
386
108
254
321
419
408
488
437
328
127
202
116
484
408
413
142
480
108
364
176
276
448
448
12
29
22
180
362
44
341
100
69
366
37
292
30
176
465
146
105
205
12
6
419
284
483
329
48
466
173
47
101
303
62
154
19
12
423
326
130
216
114
173
475
134
351
443
120
281
194
323
446
189
319
230
35
104
51
203
231
407
200
138
345
250
264
139
285
451
341
188
437
261
254
65
62
453
235
248
3
452
54
251
142
379
294
249
238
57
371
286
200
358
214
399
1
61
335
120
7
360
135
209
141
37
160
5
144
224
171
68
111
310
307
177
253
43
225
237
336
356
184
43
66
1
411
337
106
136
242
479
474
23
123
440
435
392
28
217
388
31
245
198
336
367
180
69
225
11
59
21
393
259
127
428
15
275
29
263
138
311
400
114
459
42
161
63
162
356
26
278
257
218
60
162
208
488
254
425
190
120
427
319
68
82
119
432
187
492
22
311
304
211
98
480
423
284
84
277
147
328
379
55
211
368
54
448
144
151
23
94
184
456
394
165
197
403
199
71
29
472
474
138
253
69
163
361
237
255
418
359
341
195
399
33
475
145
386
241
143
320
414
470
401
94
214
148
118
129
446
316
488
391
262
344
354
305
464
185
443
200
48
255
136
13
360
97
405
453
451
266
193
475
140
117
130
32
137
496
465
398
404
456
34
10
112
135
146
95
255
375
325
353
464
157
72
52
219
276
41
384
326
298
110
369
102
317
464
21
468
47
262
149
76
250
368
485
18
273
311
497
470
167
381
434
258
385
58
380
494
163
180
167
41
204
136
103
107
317
82
461
474
457
194
168
410
206
66
269
16
340
391
155
79
496
406
50
405
90
265
23
276
318
419
69
305
14
274
95
466
267
92
362
162
215
69
451
409
26
183
400
327
382
436
74
319
217
351
175
332
291
321
230
53
62
204
330
111
328
491
422
464
448
254
477
388
339
488
94
189
315
342
310
332
244
158
422
332
383
489
289
434
25
386
177
491
74
68
199
197
492
70
79
80
55
302
167
372
214
216
341
92
474
410
74
112
453
363
450
61
76
221
486
500
186
354
263
123
157
480
112
363
367
303
442
48
486
128
276
68
134
375
420
314
18
345
310
285
95
103
355
288
220
498
464
277
351
470
351
214
18
68
293
374
491
42
235
256
332
314
50
327
452
34
198
137
94
424
422
79
86
394
369
280
407
441
401
327
433
194
35
243
342
178
385
367
275
54
496
358
113
87
233
329
221
227
316
279
308
107
75
21
16
160
219
146
207
418
167
112
312
414
455
87
246
380
98
489
242
337
97
55
38
151
238
450
57
252
153
444
398
30
483
115
373
233
216
423
469
201
416
97
382
330
101
360
422
283
8
482
194
87
149
142
249
290
276
460
121
124
177
64
92
322
456
181
71
288
237
450
122
117
106
274
261
348
118
224
234
65
467
412
15
326
155
97
349
26
160
236
393
404
110
261
241
328
110
450
164
102
453
325
259
382
288
374
271
261
242
356
410
191
338
483
388
113
429
170
472
484
214
164
204
214
446
341
248
48
365
45
91
175
431
287
354
384
498
472
494
112
89
93
393
166
447
435
207
334
443
226
73
213
160
206
251
476
166
116
401
11
300
368
161
3
211
352
37
136
249
214
407
54
37
85
488
231
207
209
470
95
110
312
28
161
246
451
340
5
107
374
183
323
126
158
306
397
248
437
237
216
249
39
112
88
292
333
162
60
38
208
443
431
187
312
76
477
467
8
197
340
141
205
204
33
9
52
18
339
54
54
226
444
344
310
481
369
325
130
484
398
370
393
6
167
287
302
226
316
264
152
310
215
418
207
376
222
5
433
486
235
3
181
129
201
161
354
270
400
34
140
395
156
442
297
157
286
197
306
111
226
385
408
127
274
25
252
62
365
80
403
498
367
49
30
31
113
451
267
43
40
243
114
31
375
88
162
182
77
374
133
293
172
408
383
211
202
177
79
301
435
341
173
415
295
265
262
350
157
15
296
237
370
383
114
326
155
75
159
489
45
225
50
214
437
13
316
213
275
385
173
4
258
490
203
21
422
51
99
476
64
230
295
429
484
204
421
472
16
257
389
59
428
128
78
362
102
413
22
188
387
172
429
375
247
234
274
313
376
398
127
208
270
203
95
471
335
415
194
495
458
352
473
155
344
363
428
47
469
138
60
63
217
499
277
453
189
400
74
146
330
176
337
97
231
420
322
192
23
86
310
42
157
152
353
275
495
122
89
242
15
75
302
27
112
221
308
145
16
270
360
101
266
67
325
371
181
187
399
25
167
18
394
112
258
393
106
386
9
210
163
2
120
389
128
114
315
416
455
394
91
315
359
238
186
41
319
66
393
428
244
464
183
143
180
392
124
11
494
42
164
467
76
53
272
181
96
298
73
24
374
76
211
345
168
205
135
100
311
0
350
496
301
192
202
216
300
3
374
364
337
304
73
278
312
111
387
323
428
364
102
64
166
22
199
222
373
415
205
496
367
49
330
2
140
151
57
350
28
356
8
451
411
440
236
234
186
452
136
177
455
404
274
129
300
15
164
367
434
23
177
217
99
112
10
349
391
229
233
235
36
104
500
347
428
58
264
270
3
282
227
86
325
386
281
230
167
431
130
300
148
340
403
217
341
345
308
497
30
342
214
465
66
289
263
475
305
317
441
336
290
108
447
161
2
210
9
205
478
169
286
253
233
194
246
68
473
301
90
191
62
26
195
75
73
160
193
79
177
47
355
304
23
433
179
450
444
407
153
267
82
410
62
213
229
26
200
78
14
331
65
209
262
463
300
275
130
334
141
468
293
378
232
193
218
384
340
70
136
440
264
105
123
166
399
492
80
271
45
384
241
150
177
189
394
10
179
70
297
433
187
436
161
228
91
251
459
44
259
113
208
326
239
74
76
311
112
481
333
88
72
152
100
494
292
270
76
480
391
364
163
284
344
499
336
366
17
166
485
318
167
331
220
347
394
110
252
214
60
252
443
489
284
189
435
216
274
9
147
334
8
22
412
398
311
213
474
202
13
497
468
162
108
308
134
161
216
53
353
4
426
364
372
299
464
425
229
10
359
5
329
181
65
245
344
435
290
195
38
297
364
320
200
250
218
412
425
463
153
149
442
202
401
336
107
342
54
295
10
231
71
234
262
204
494
455
239
424
244
302
279
413
95
3
322
66
219
350
495
272
86
316
261
56
266
97
452
183
399
218
9
480
451
446
264
43
402
493
355
203
29
76
34
161
248
103
268
468
165
196
411
67
322
359
129
418
309
34
82
127
105
470
416
361
352
380
163
486
14
127
56
418
403
410
399
20
269
357
416
184
281
323
245
124
301
29
228
287
377
140
325
257
61
328
178
99
184
196
400
9
255
390
198
359
312
60
204
328
339
317
68
486
121
445
52
109
13
20
98
264
90
157
6
498
55
149
0
140
419
240
416
40
4
408
238
167
233
14
405
492
329
222
247
145
225
16
113
431
468
359
323
129
267
255
28
4
311
208
225
427
172
24
339
196
436
107
229
399
243
9
272
175
399
297
340
426
19
93
433
261
152
40
366
64
106
238
76
408
96
488
239
197
248
427
269
228
205
29
339
240
162
89
300
373
396
328
275
273
25
62
218
286
390
271
382
341
168
171
71
500
105
220
387
403
164
2
462
162
493
236
457
403
282
35
491
122
471
124
355
21
444
13
364
280
191
85
283
262
401
259
79
318
406
454
250
337
50
376
401
97
126
333
331
281
365
220
469
367
444
96
204
254
235
26
498
155
32
389
69
223
440
12
161
294
382
489
475
403
409
493
57
426
291
188
278
410
352
188
37
406
162
400
174
28
381
209
103
232
266
47
120
480
82
300
54
421
267
48
355
400
309
246
87
313
395
401
164
80
168
105
69
6
314
15
72
430
410
284
60
43
332
468
130
232
442
364
221
393
23
7
369
417
407
112
40
258
287
379
431
420
348
185
417
186
468
132
357
200
102
220
305
441
164
231
193
247
123
198
14
165
408
158
289
21
458
268
119
213
380
494
267
323
471
143
381
386
359
499
301
108
427
324
154
459
349
164
334
419
181
153
133
472
409
257
129
118
290
249
137
176
365
119
434
335
232
412
187
416
312
450
443
61
390
387
373
366
414
189
172
156
151
473
318
321
483
105
36
295
461
353
28
51
344
470
95
306
330
376
434
248
36
473
394
366
167
227
304
121
345
106
202
275
160
343
206
108
491
468
9
115
228
289
159
264
61
96
345
346
183
306
444
218
362
456
56
219
342
26
146
428
251
189
232
218
205
374
359
147
347
151
143
494
104
351
263
156
422
91
372
66
37
298
217
118
399
446
255
131
139
469
397
133
238
72
2
477
111
132
433
88
89
153
89
46
410
376
217
397
446
371
363
102
359
222
324
220
71
50
50
392
123
395
427
56
277
78
398
144
71
419
69
105
389
103
263
175
352
68
68
11
199
407
402
87
33
482
292
21
306
437
183
297
186
257
191
429
51
222
192
201
289
200
456
486
78
220
273
295
243
8
480
278
499
35
263
148
268
244
36
48
315
63
383
149
250
317
222
127
8
104
434
391
85
59
129
211
252
55
46
157
356
244
377
491
402
379
138
436
466
254
378
148
168
178
443
99
269
152
374
494
276
136
30
151
387
470
298
278
477
223
199
327
87
246
134
315
138
475
406
154
119
27
24
145
488
138
1
405
115
66
167
295
64
251
286
452
120
156
445
468
292
471
212
308
399
323
196
318
477
138
405
204
73
449
42
313
166
60
217
156
149
161
361
249
413
309
79
495
473
1
450
269
2
322
202
446
41
379
145
36
215
424
10
430
71
201
418
2
156
271
220
450
132
15
232
412
345
151
269
402
274
406
336
477
90
162
81
360
377
2
300
246
377
44
142
278
69
467
74
423
469
435
382
290
208
294
473
102
221
489
60
345
425
64
44
358
138
323
352
214
148
27
138
244
288
266
115
90
413
261
121
43
115
219
366
243
203
412
396
308
221
364
163
118
229
493
464
164
169
324
199
285
19
193
477
29
327
115
309
65
232
180
71
294
405
412
83
380
486
35
184
363
346
408
431
381
10
191
30
374
235
72
221
333
254
185
346
81
481
23
99
371
128
429
19
437
256
472
488
360
399
51
209
126
202
435
118
348
288
267
241
79
147
149
354
95
434
456
91
89
267
264
5
266
140
53
239
477
78
463
452
228
323
223
86
255
202
396
250
9
85
438
389
48
110
335
377
218
83
286
259
181
463
331
347
377
340
499
453
364
432
428
355
396
246
11
410
487
44
422
12
305
130
173
318
171
5
373
235
363
242
179
40
51
269
209
145
450
204
128
276
495
189
328
96
456
90
216
22
129
409
233
323
248
19
54
283
48
18
81
424
157
184
42
20
486
165
416
90
496
487
459
346
475
105
351
286
237
384
327
54
79
77
354
286
247
447
314
5
266
115
484
386
441
131
219
440
349
216
131
110
113
251
46
439
351
385
9
363
260
182
409
179
483
4
438
409
499
322
237
223
223
404
304
50
178
153
13
145
298
54
285
333
288
91
148
274
243
181
463
25
33
319
416
29
352
10
97
241
18
459
196
469
265
229
164
119
220
27
159
254
308
150
31
169
480
41
239
412
109
234
466
36
364
96
449
84
108
433
158
2
497
1
155
392
79
134
148
80
310
409
400
337
46
172
255
175
229
328
280
190
131
276
367
412
489
252
271
146
423
273
79
182
178
476
435
214
268
371
10
156
364
101
16
329
414
451
215
62
169
224
287
283
343
276
478
346
349
84
390
362
463
109
283
238
345
28
452
419
226
318
258
291
4
92
394
248
276
75
178
52
272
84
170
233
5
252
276
484
455
468
472
93
80
130
407
82
407
294
138
483
313
122
421
152
11
472
493
293
197
405
160
211
484
103
378
225
19
288
337
245
311
441
88
362
465
400
105
465
430
36
470
2
371
269
344
242
25
9
3
45
361
290
469
155
233
173
450
459
127
404
56
375
149
311
75
215
345
57
141
343
410
32
12
25
90
378
366
409
356
47
157
94
9
88
157
495
297
19
270
63
363
212
51
174
240
329
88
54
429
353
270
315
281
257
239
385
274
423
192
138
402
139
72
106
6
410
167
163
165
348
101
280
319
334
461
107
21
50
179
326
120
447
353
155
310
83
363
414
34
345
198
195
187
280
367
382
280
496
342
27
223
91
344
193
119
299
51
126
82
295
239
111
43
132
229
186
150
352
327
456
29
230
126
154
262
460
285
271
242
52
320
107
54
3
15
391
51
147
377
158
144
126
336
407
425
416
257
177
26
438
62
187
494
259
499
108
228
212
286
433
369
132
33
197
169
435
257
460
233
84
414
388
20
14
284
127
57
316
419
443
428
346
224
138
419
110
47
28
81
41
137
435
246
309
70
232
385
136
64
82
98
9
243
457
422
108
210
110
244
139
337
99
184
21
486
422
367
29
120
95
473
1
67
368
451
399
93
63
167
145
45
127
375
214
267
286
378
0
483
489
145
103
390
438
56
56
32
340
398
51
357
359
377
44
192
11
328
257
174
167
390
251
177
27
33
316
238
388
23
270
357
327
471
49
459
480
368
74
13
431
40
11
357
230
327
291
52
90
320
52
444
435
152
324
500
338
324
78
82
430
44
398
202
55
267
232
156
361
329
0
339
193
339
164
464
306
484
207
416
391
190
145
224
333
232
188
412
137
197
191
487
415
376
458
472
125
467
120
50
210
432
482
203
140
263
224
309
235
367
282
338
295
128
491
321
381
285
116
392
395
322
384
371
24
148
319
24
122
216
427
143
179
172
330
284
168
353
350
214
377
431
197
158
380
433
10
414
18
134
302
121
45
423
230
319
77
430
457
39
192
416
188
294
320
446
355
226
199
127
444
356
78
443
334
444
341
241
358
485
139
110
112
276
378
216
455
251
270
223
191
464
32
380
244
130
295
208
255
55
446
239
222
339
20
278
275
166
63
172
18
278
10
135
454
204
325
491
483
195
393
481
219
431
215
382
450
200
223
205
360
426
260
1
324
7
139
184
257
189
494
427
364
310
247
408
420
209
475
484
382
219
387
442
147
217
94
370
481
362
353
367
273
418
116
213
490
249
38
150
479
310
397
419
94
491
365
381
101
177
60
292
92
203
39
168
311
81
445
448
259
85
311
366
485
459
421
337
304
307
497
65
486
98
214
283
15
225
194
87
262
155
234
416
424
257
469
302
445
301
131
491
475
230
73
277
41
405
69
141
128
134
28
96
240
1
421
219
2
273
310
87
192
1
330
180
183
37
458
322
489
71
370
264
87
299
298
485
158
209
462
243
87
237
355
154
366
358
84
359
479
394
244
27
2
202
382
428
170
472
376
362
66
341
70
137
15
315
362
122
201
391
10
482
137
174
465
394
432
377
17
335
186
374
211
207
254
415
263
407
184
369
260
462
398
249
43
29
450
319
184
320
228
292
124
16
46
71
46
480
426
19
365
124
324
352
356
212
283
448
410
217
323
307
367
30
221
2
30
232
290
109
408
324
396
468
456
459
193
35
450
444
19
338
32
223
261
294
456
77
105
52
232
121
478
198
333
213
128
432
4
305
99
285
334
126
109
202
284
279
181
254
106
401
100
464
80
115
407
395
111
255
121
287
134
118
349
193
201
65
498
148
215
266
416
166
369
61
491
391
421
207
238
41
330
124
67
89
69
68
185
135
381
262
195
359
182
45
73
217
248
64
129
48
424
459
284
446
102
384
62
340
253
180
20
273
338
140
345
415
364
30
388
179
360
359
168
315
244
246
194
320
393
266
142
302
437
219
68
44
348
223
19
17
419
119
490
73
88
317
91
122
233
105
291
127
317
250
40
286
309
476
496
477
241
21
235
445
275
134
231
288
375
309
190
340
414
8
160
102
295
176
261
420
105
379
150
409
249
182
112
176
473
204
387
392
125
37
35
371
425
144
89
85
447
486
222
317
329
322
494
336
298
217
410
81
29
284
327
315
336
89
490
105
103
336
77
488
260
55
56
272
434
168
499
238
204
401
29
171
340
134
341
103
428
304
318
113
90
127
235
57
134
12
59
54
7
447
176
222
441
56
292
106
294
161
476
11
113
296
205
166
385
433
34
466
127
24
413
90
271
177
376
203
106
122
340
386
430
415
340
0
202
299
76
266
347
100
185
457
100
469
229
280
222
4
450
370
340
370
57
406
326
144
404
493
273
259
301
388
8
484
243
225
385
289
270
391
422
73
346
83
208
255
445
176
169
212
368
66
297
287
319
98
32
146
355
418
200
478
128
307
239
68
286
383
443
259
39
451
81
258
27
289
133
39
346
237
339
383
128
150
380
326
316
152
463
36
490
10
430
56
487
235
494
274
337
391
417
337
130
211
123
39
294
414
464
234
15
74
412
150
327
40
67
491
425
190
216
260
22
100
125
463
443
273
109
241
296
0
285
257
400
462
33
415
172
335
287
367
472
411
201
357
304
213
156
327
218
315
383
78
221
82
4
420
320
144
150
232
322
58
191
217
387
414
31
173
454
193
336
160
395
319
119
22
308
169
140
193
499
476
346
480
116
366
116
117
485
190
15
420
277
41
103
12
480
364
391
384
407
122
159
72
274
19
73
350
179
162
48
470
430
331
208
350
85
498
129
251
380
115
128
400
137
495
278
213
263
244
137
330
259
260
381
27
196
220
492
186
237
11
163
53
484
129
230
336
167
30
419
445
294
214
274
112
214
201
47
127
424
462
447
231
94
436
156
467
363
423
125
348
43
314
445
276
175
449
30
159
144
341
118
9
415
109
370
104
432
498
85
313
340
4
404
428
90
187
381
174
291
459
104
115
460
233
59
122
13
79
350
188
436
110
47
146
449
375
230
58
92
222
178
66
191
205
150
209
399
93
259
111
289
52
424
393
209
82
84
90
378
398
80
31
252
314
317
246
456
27
363
397
22
116
225
57
69
305
175
140
227
26
382
129
291
442
173
351
16
112
294
357
382
36
72
427
308
451
347
36
494
154
348
45
425
335
117
